 date     c               a               y              cay=cc-0.621y -0.269a (demeaned)  @
 195104   8.94584341212   10.56260837213  8.65834543560	  0.00534
 195201   8.94409223278   10.57123571410  8.66592583985	 -0.00344
 195202   8.95749888435   10.58301044874  8.66734993704	  0.00591
 195203   8.96656349266   10.57800623197  8.68157790429	  0.00749
 195204   8.97540805025   10.57487283703  8.71094564943	 -0.00105
 195301   8.98510950709   10.57435704003  8.72197074693	  0.00195
 195302   8.98792290741   10.56810870189  8.73427509066	 -0.00119
 195303   8.98366963354   10.56875730216  8.72722022943	 -0.00124
 195304   8.97764035590   10.57209931137  8.71372771022	  0.00020
 195401   8.98206369577   10.57983866820  8.70464284258	  0.00818
 195402   8.98585059700   10.59423952198  8.70303434050	  0.00909
 195403   8.99772381726   10.61985506611  8.70626894738	  0.01206
 195404   9.00574302151   10.62849544122  8.72539526838	  0.00588
 195501   9.01239351823   10.63552477478  8.73371553851	  0.00547
 195502   9.01870882997   10.65569272432  8.75470266834	 -0.00667
 195503   9.02455282824   10.67358463847  8.77204815927	 -0.01641
 195504   9.03940365458   10.67977798032  8.78132016763	 -0.00898
 195601   9.04653602686   10.70245425273  8.78889244107	 -0.01265
 195602   9.04635219986   10.69468053240  8.79666838160	 -0.01557
 195603   9.04716580882   10.69003231572  8.79564073704	 -0.01287
 195604   9.05379497513   10.70064198039  8.80677151820	 -0.01600
 195701   9.05603713643   10.69211148300  8.80596851079	 -0.01097
 195702   9.05898761747   10.70212755304  8.80718925798	 -0.01147
 195703   9.06437749723   10.68311516005  8.80585570274	 -0.00013
 195704   9.06583756741   10.67726876022  8.79769472880	  0.00797
 195801   9.05733017558   10.68207005799  8.77479736977	  0.01238
 195802   9.06411920787   10.69130845965  8.77660972070	  0.01555
 195803   9.07388217782   10.71767203810  8.79942569359	  0.00406
 195804   9.07673127148   10.73155176898  8.81009906758	 -0.00346
 195901   9.08627925464   10.73289129610  8.81693053757	  0.00149
 195902   9.09349763508   10.74045752038  8.83253174096	 -0.00301
 195903   9.10001579584   10.73661869732  8.82532739582	  0.00901
 195904   9.10512452280   10.74465826888  8.82736854250	  0.01069
 196001   9.10289065146   10.73770159576  8.83353103088	  0.00650
 196002   9.11077528585   10.74171895671  8.83590743183	  0.01183
 196003   9.10432330813   10.72440281743  8.83212338636	  0.01239
 196004   9.10601898464   10.74321176224  8.82491317590	  0.01350
 196101   9.10964606156   10.76763256304  8.82836802154	  0.00840
 196102   9.12017434888   10.77472348881  8.84062508267	  0.00942
 196103   9.11774229173   10.78186119732  8.84935517911	 -0.00036
 196104   9.12841398439   10.80256161622  8.86309184909	 -0.00378
 196201   9.13407744563   10.80225905027  8.87095743340	 -0.00292
 196202   9.14019408421   10.74617732557  8.87886492832	  0.01339
 196203   9.14506082308   10.75640171298  8.87972009608	  0.01497
 196204   9.15033333728   10.80108279223  8.88354982803	  0.00584
 196301   9.15258300390   10.81601892319  8.88931594342	  0.00048
 196302   9.15682876701   10.82733466862  8.89602022117	 -0.00248
 196303   9.16665487560   10.83534717862  8.90310945226	  0.00079
 196304   9.17122145311   10.82366164039  8.91487322585	  0.00120
 196401   9.18249804222   10.83637570226  8.93206740868	 -0.00162
 196402   9.19491491615   10.85272913863  8.95576178786	 -0.00831
 196403   9.20725569634   10.86153939021  8.96524144768	 -0.00422
 196404   9.21208896827   10.87159922839  8.97335406803	 -0.00713
 196501   9.22061559688   10.88237386629  8.98142675042	 -0.00652
 196502   9.23207186273   10.87366091127  8.98779195162	  0.00333
 196503   9.24211827146   10.89606329582  9.01414715730	 -0.00901
 196504   9.26329411999   10.91939718367  9.03209024644	 -0.00525
 196601   9.26901403543   10.90941831627  9.03437843578	  0.00173
 196602   9.27723977852   10.91105040063  9.04265844294	  0.00438
 196603   9.28155595750   10.88331476065  9.05602773999	  0.00787
 196604   9.28460961692   10.90550183079  9.06814829938	 -0.00258
 196701   9.29324397366   10.94020342615  9.07978076424	 -0.01051
 196702   9.29929941959   10.94643575716  9.08612833079	 -0.01007
 196703   9.30434545853   10.96253454663  9.09303689391	 -0.01364
 196704   9.30954086885   10.97658479954  9.10346616815	 -0.01871
 196801   9.32281209923   10.96434795504  9.12064477055	 -0.01280
 196802   9.33593824889   10.99946207289  9.13731668983	 -0.01948
 196803   9.34736487239   11.00361158350  9.13936434281	 -0.01044
 196804   9.35237816749   11.04047925131  9.14598717099	 -0.01946
 196901   9.35990215529   11.03346978464  9.14560123496	 -0.00981
 196902   9.36595145722   11.01693084928  9.15368285536	 -0.00433
 196903   9.36906384817   11.00628520731  9.17301644166	 -0.01035
 196904   9.37738660105   10.99667858023  9.17901275304	 -0.00316
 197001   9.38708503886   10.98990431775  9.18347409289	  0.00560
 197002   9.38854826862   10.95170228520  9.20358887126	  0.00486
 197003   9.39585046659   10.97533883227  9.20849877093	  0.00275
 197004   9.39904255679   10.98604107292  9.20103542490	  0.00769
 197101   9.40175029228   11.01849474973  9.21820157383	 -0.00899
 197102   9.40404917200   11.02002906722  9.23233378385	 -0.01588
 197103   9.40549739008   11.02344042266  9.23311112966	 -0.01583
 197104   9.41436824588   11.03888403118  9.23994731744	 -0.01536
 197201   9.42380604075   11.06637849922  9.24773565008	 -0.01816
 197202   9.43801875609   11.07199553356  9.25554464313	 -0.01031
 197203   9.44719920277   11.08238781890  9.26601970963	 -0.01043
 197204   9.46207550402   11.12861520919  9.29790153921	 -0.02779
 197301   9.46853226354   11.11949973983  9.31014929375	 -0.02648
 197302   9.46850965448   11.10377864345  9.31467878760	 -0.02508
 197303   9.47274207233   11.12546238848  9.31553822293	 -0.02722
 197304   9.47105138224   11.08746786046  9.32011123359	 -0.02151
 197401   9.46241064397   11.06861217238  9.30833450685	 -0.01777
 197402   9.46391063161   11.03188064718  9.30647283865	 -0.00522
 197403   9.46591438142   10.98469184146  9.30656991358	  0.00943
 197404   9.46436642213   10.97743849112  9.29847437013	  0.01486
 197501   9.46524945745   11.01694361623  9.29284212378	  0.00860
 197502   9.47826963476   11.05313420409  9.33893129096	 -0.01673
 197503   9.48189749927   11.02613966641  9.32235515283	  0.00446
 197504   9.48739045668   11.03074880092  9.33177283203	  0.00286
 197601   9.50235540433   11.05830291685  9.34873851005	 -0.00012
 197602   9.51115995812   11.08016622915  9.35395925899	 -0.00044
 197603   9.51883970201   11.08265082787  9.36090644985	  0.00225
 197604   9.52911821319   11.08857399320  9.36490150929	  0.00846
 197701   9.53453248206   11.08971787940  9.36623455305	  0.01274
 197702   9.53299740193   11.09914173993  9.37334193846	  0.00425
 197703   9.53868472760   11.09915617504  9.38564409350	  0.00230
 197704   9.54704208081   11.10117456663  9.39513628960	  0.00422
 197801   9.55571487761   11.10565304180  9.39967850808	  0.00887
 197802   9.56397663783   11.12240689187  9.40801902910	  0.00745
 197803   9.56880544646   11.13782471060  9.41400705339	  0.00441
 197804   9.57272539941   11.13803078141  9.42111477916	  0.00386
 197901   9.58038577706   11.15886768267  9.42390780469	  0.00417
 197902   9.57955595282   11.16623092852  9.41895653934	  0.00443
 197903   9.58083704877   11.17693285340  9.42340681161	  0.00007
 197904   9.58649611891   11.17677236448  9.42311914030	  0.00595
 198001   9.58526949688   11.15839810635  9.42253251401	  0.01004
 198002   9.57234402648   11.17197914383  9.40846353033	  0.00219
 198003   9.57322772022   11.18875332881  9.41752781776	 -0.00707
 198004   9.57893444751   11.20040363424  9.42500095481	 -0.00914
 198101   9.57576562471   11.19251858513  9.41771196073	 -0.00566
 198102   9.58022647994   11.19957142488  9.41371183701	 -0.00062
 198103   9.57749787962   11.18176078994  9.42118934384	 -0.00319
 198104   9.57649816143   11.19034178377  9.42050691091	 -0.00608
 198201   9.57626623731   11.18992027313  9.41814410136	 -0.00473
 198202   9.57811645022   11.18920175869  9.41870181532	 -0.00303
 198203   9.58096867382   11.19167245780  9.42307736157	 -0.00356
 198204   9.59076541005   11.20196123476  9.42335217246	  0.00329
 198301   9.59741320483   11.22599667400  9.42643318160	  0.00156
 198302   9.60749790187   11.24088914842  9.43134771328	  0.00458
 198303   9.61769579494   11.23660471348  9.44159577600	  0.00957
 198304   9.62499556804   11.22843215353  9.45509033235	  0.01070
 198401   9.62896052452   11.23215206795  9.46766645389	  0.00586
 198402   9.63742019690   11.23589714525  9.47894693653	  0.00631
 198403   9.64454568609   11.25402519241  9.48742761045	  0.00329
 198404   9.65152883826   11.26246935800  9.49462126603	  0.00353
 198501   9.66185390929   11.28354527219  9.49168952640	  0.01000
 198502   9.66835554729   11.29735677945  9.50955213231	  0.00170
 198503   9.67682122463   11.29582422210  9.50732841153	  0.01195
 198504   9.68404155387   11.32566108285  9.51292540374	  0.00767
 198601   9.68767929879   11.35703667532  9.52165149165	 -0.00256
 198602   9.69104121038   11.38029160712  9.52950038993	 -0.01033
 198603   9.69542003848   11.37105890313  9.53331259306	 -0.00583
 198604   9.70400017327   11.39300139208  9.53663649323	 -0.00523
 198701   9.71300712209   11.42702513896  9.54358399638	 -0.00969
 198702   9.71934513396   11.43301418548  9.53274719609	  0.00176
 198703   9.72261631935   11.44480947944  9.54466355972	 -0.00554
 198704   9.72808693799   11.40460578764  9.55282180039	  0.00569
 198801   9.73855099898   11.42439799498  9.56270113651	  0.00469
 198802   9.74530831662   11.43744507077  9.57006695181	  0.00337
 198803   9.75338360672   11.43531478834  9.57306364859	  0.01016
 198804   9.75916322890   11.44326453190  9.57748184505	  0.01105
 198901   9.76201824001   11.45375364935  9.57658663674	  0.01164
 198902   9.76156451405   11.46386157510  9.57048771449	  0.01225
 198903   9.76467304176   11.48437015736  9.57424212756	  0.00750
 198904   9.77148531396   11.48447267811  9.57908271177	  0.01128
 199001   9.77340669992   11.46837145458  9.59037146445	  0.01053
 199002   9.78114973628   11.47080318960  9.59482639348	  0.01486
 199003   9.78435683741   11.43430002148  9.59102969394	  0.03025
 199004   9.77557781312   11.43888761724  9.58225016326	  0.02569
 199101   9.77105600670   11.46069989347  9.58442269229	  0.01394
 199102   9.77527454467   11.45322357076  9.58833504176	  0.01775
 199103   9.77409829740   11.45719522281  9.58925031597	  0.01493
 199104   9.77135703861   11.47069256344  9.59088459602	  0.00754
 199201   9.77974268077   11.46284200015  9.60690969974	  0.00810
 199202   9.78055776121   11.45325711716  9.61225978851	  0.00817
 199203   9.78144690932   11.45593007658  9.61453583080	  0.00693
 199204   9.79069315750   11.46965681358  9.62971641557	  0.00306
 199301   9.78982857018   11.47390987480  9.60237557437	  0.01802
 199302   9.79248023548   11.47474758748  9.61962140110	  0.00974
 199303   9.79943774950   11.48412473622  9.62237886418	  0.01246
 199304   9.80262055926   11.48799962853  9.63387117030	  0.00747
 199401   9.80777631662   11.47845970454  9.62023457496	  0.02365
 199402   9.81399081932   11.47624929771  9.63197541011	  0.02318
 199403   9.81698299102   11.48242525890  9.63259885659	  0.02412
 199404   9.81963009693   11.48062503236  9.63946693132	  0.02299
 199501   9.82196751781   11.49683586620  9.64180889362	  0.01951
 199502   9.82838497712   11.51744251037  9.63902453399	  0.02210
 199503   9.83049279621   11.53978730813  9.64316314491	  0.01562
 199504   9.83325224480   11.55687275775  9.64399001487	  0.01327
 199601   9.83852942231   11.57181557922  9.64561815445	  0.01351
 199602   9.84256939795   11.58123025204  9.64676516996	  0.01431
 199603   9.84477398112   11.58590415402  9.65303960740	  0.01136
 199604   9.84767503571   11.60899264375  9.65387559924	  0.00752
 199701   9.85404249834   11.60631939899  9.65743611085	  0.01240
 199702   9.85838494549   11.65716338011  9.66117588715	  0.00073
 199703   9.86491080643   11.68576756503  9.66592519839	 -0.00340
 199704   9.86847870344   11.69909520428  9.67392337919	 -0.00838
 199801   9.87684931295   11.74776212937  9.68844741486	 -0.02213
 199802   9.88579192324   11.75844619811  9.69683641065	 -0.02127
 199803   9.89291654436   11.71350521958  9.70295339254	 -0.00584
 199804   9.89560087617   11.77514285247  9.70831701222	 -0.02308
 199901   9.90243279032   11.78960845039  9.72003909252	 -0.02742
 199902   9.91095877545   11.81509490237  9.71933062844	 -0.02532
 199903   9.91742139514   11.79298887630  9.72140056963	 -0.01419
 199904   9.92532679311   11.86906363041  9.72779390792	 -0.03074
 200001   9.93075472838   11.88142724342  9.74753198780	 -0.04089
 200002   9.93772311268   11.86372081257  9.75095625607	 -0.03128
 200003   9.94293402308   11.85996062970  9.75931952946	 -0.03025
 200004   9.94791561079   11.82215494892  9.76105315380	 -0.01616
 200101   9.94910913087   11.77394006327  9.76272435229	 -0.00302
 200102   9.94906455602   11.79458219190  9.76070819600	 -0.00737
 200103   9.94887861219   11.74387326075  9.78191993570	 -0.00707
 200104   9.95191967079   11.77698255610  9.76243841851	 -0.00085
 200201   9.95968639875   11.78076439345  9.79323562442	 -0.01322
 200202   9.96238429031   11.74280083716  9.80056124451	 -0.00484
 200203   9.96481542485   11.69244448080  9.80312349043	  0.00956
 200204   9.96955120951   11.70678252462  9.80903691393	  0.00677
 200301   9.97135945917   11.69804701708  9.81155658708	  0.00936
